initial: 6
0.79718 0.00000 0.04080 0.16202 0.00000 0.00000

transition: 6
0.24465 0.25127 0.36016 0.06490 0.00017 0.07884
0.09687 0.41679 0.44946 0.03639 0.00042 0.00006
0.11812 0.55104 0.00630 0.32122 0.00046 0.00286
0.06737 0.09554 0.00398 0.56463 0.00544 0.26303
0.10336 0.00002 0.00000 0.00128 0.63875 0.25659
0.10215 0.43689 0.00395 0.00000 0.30596 0.15105

observation: 6
0.93513 0.36076 0.17672 0.06325 0.02646 0.08542
0.02244 0.06730 0.54568 0.07911 0.11993 0.05484
0.02852 0.06653 0.27228 0.85572 0.12803 0.32659
0.01391 0.50495 0.00527 0.00192 0.08082 0.44583
0.00000 0.00046 0.00000 0.00000 0.02883 0.08732
0.00000 0.00000 0.00005 0.00000 0.61592 0.00000
