initial: 6
0.49958 0.50042 0.00000 0.00000 0.00000 0.00000

transition: 6
0.23316 0.40454 0.03949 0.31013 0.01007 0.00261
0.03171 0.48959 0.21085 0.00376 0.00347 0.26062
0.05230 0.01758 0.16205 0.75125 0.01020 0.00661
0.00357 0.02154 0.02445 0.23743 0.52648 0.18652
0.00000 0.00005 0.00000 0.00000 0.50497 0.49498
0.82414 0.00124 0.00630 0.16828 0.00005 0.00000

observation: 6
0.00037 0.30572 0.02114 0.09572 0.29710 0.09169
0.07366 0.40352 0.01175 0.09629 0.00025 0.09587
0.42844 0.19240 0.42922 0.28820 0.30671 0.00000
0.49753 0.09835 0.43342 0.41776 0.00000 0.00000
0.00000 0.00001 0.10447 0.10203 0.00031 0.81245
0.00000 0.00000 0.00000 0.00000 0.39563 0.00000
