initial: 6
0.76522 0.00000 0.08968 0.14510 0.00000 0.00000

transition: 6
0.32448 0.26513 0.29241 0.00644 0.10871 0.00283
0.21215 0.48587 0.27348 0.02824 0.00025 0.00002
0.06723 0.47144 0.01309 0.40070 0.04578 0.00176
0.05328 0.16070 0.08066 0.48646 0.21684 0.00206
0.15110 0.29700 0.00000 0.00000 0.23139 0.32051
0.10288 0.00002 0.00127 0.00000 0.32749 0.56835

observation: 6
0.70986 0.38267 0.21559 0.06463 0.07664 0.02087
0.01077 0.13551 0.48508 0.01006 0.07209 0.10988
0.25221 0.03685 0.26155 0.15898 0.27358 0.14363
0.02555 0.44338 0.00185 0.00001 0.48129 0.01561
0.00161 0.00160 0.03593 0.76631 0.09327 0.01774
0.00000 0.00000 0.00000 0.00000 0.00312 0.69228
