initial: 6
0.03325 0.13519 0.08152 0.18245 0.00000 0.56759

transition: 6
0.18416 0.51751 0.27429 0.00110 0.00724 0.01570
0.14198 0.47014 0.28446 0.06640 0.00008 0.03694
0.53469 0.07376 0.01737 0.35864 0.00319 0.01235
0.18980 0.03828 0.05003 0.54169 0.00484 0.17536
0.02537 0.09059 0.00294 0.00001 0.55838 0.32272
0.40014 0.02693 0.00025 0.00003 0.36890 0.20375

observation: 6
0.41363 0.57502 0.15924 0.08570 0.01838 0.08388
0.01487 0.11256 0.53107 0.05580 0.09599 0.07863
0.02631 0.15693 0.26049 0.17419 0.11889 0.35041
0.54331 0.15449 0.00997 0.00010 0.04506 0.38079
0.00187 0.00099 0.03917 0.68421 0.00898 0.10629
0.00000 0.00000 0.00005 0.00000 0.71270 0.00000
