initial: 6
0.80736 0.00000 0.04547 0.14716 0.00000 0.00000

transition: 6
0.27063 0.26284 0.33880 0.07012 0.00033 0.05728
0.16459 0.38213 0.42860 0.02431 0.00005 0.00031
0.18100 0.48551 0.00448 0.31541 0.00149 0.01211
0.08018 0.05149 0.02637 0.55465 0.01180 0.27552
0.10379 0.00336 0.00032 0.00083 0.66789 0.22381
0.16340 0.40727 0.02351 0.00014 0.30002 0.10565

observation: 6
0.92620 0.28802 0.12805 0.05663 0.02934 0.08708
0.02039 0.07859 0.57201 0.06366 0.12365 0.03208
0.03991 0.07938 0.28864 0.87200 0.13784 0.31577
0.01350 0.55396 0.01129 0.00771 0.09193 0.47599
0.00000 0.00004 0.00000 0.00000 0.03235 0.08904
0.00000 0.00000 0.00000 0.00000 0.58488 0.00004
