initial: 6
0.49569 0.50431 0.00000 0.00000 0.00000 0.00000

transition: 6
0.24959 0.40436 0.02752 0.30888 0.00722 0.00243
0.02910 0.49901 0.19649 0.00354 0.00012 0.27176
0.02758 0.00596 0.19545 0.76969 0.00014 0.00119
0.00077 0.00967 0.01707 0.23722 0.53708 0.19819
0.00000 0.00000 0.00000 0.00000 0.50399 0.49601
0.81241 0.00141 0.00855 0.17679 0.00000 0.00084

observation: 6
0.00034 0.30329 0.01539 0.09959 0.29627 0.09320
0.07430 0.39919 0.00236 0.09952 0.00014 0.09790
0.42776 0.19456 0.44980 0.28782 0.30706 0.00000
0.49760 0.10297 0.45773 0.41165 0.00000 0.00000
0.00000 0.00000 0.07472 0.10142 0.00000 0.80890
0.00000 0.00000 0.00000 0.00000 0.39653 0.00000
