initial: 6
0.79120 0.00000 0.07302 0.13578 0.00000 0.00000

transition: 6
0.34653 0.28645 0.25958 0.01263 0.09211 0.00270
0.22646 0.50874 0.24228 0.01833 0.00225 0.00195
0.08543 0.42576 0.01010 0.43524 0.04074 0.00274
0.06379 0.16246 0.07725 0.48279 0.21091 0.00279
0.17929 0.29774 0.00087 0.00008 0.16724 0.35477
0.09796 0.02347 0.00023 0.00011 0.26611 0.61212

observation: 6
0.69852 0.36052 0.20602 0.06099 0.05884 0.02907
0.02310 0.14922 0.48354 0.00359 0.06885 0.10403
0.24091 0.04757 0.25914 0.14931 0.28870 0.15261
0.02848 0.43957 0.01006 0.00577 0.49208 0.04730
0.00899 0.00314 0.04123 0.78035 0.08278 0.02784
0.00000 0.00000 0.00000 0.00000 0.00874 0.63915
