initial: 6
0.00874 0.15699 0.06058 0.19322 0.00000 0.58047

transition: 6
0.14209 0.55245 0.29648 0.00074 0.00386 0.00438
0.12966 0.47085 0.26912 0.07624 0.00000 0.05413
0.53075 0.06473 0.03749 0.36245 0.00076 0.00382
0.18878 0.03143 0.02935 0.56353 0.00343 0.18348
0.00562 0.10727 0.00000 0.00000 0.54319 0.34391
0.39676 0.01644 0.00000 0.00000 0.34428 0.24252

observation: 6
0.44197 0.56372 0.16670 0.09241 0.01458 0.09016
0.00688 0.10649 0.53872 0.07347 0.09501 0.08589
0.00874 0.16890 0.24122 0.18274 0.11475 0.33598
0.54176 0.15941 0.03092 0.00000 0.03583 0.38354
0.00064 0.00149 0.02229 0.65139 0.00605 0.10442
0.00000 0.00000 0.00016 0.00000 0.73378 0.00000
